C:\Users\franc\PycharmProjects\pythonProject\venv\Scripts\python.exe C:/Users/franc/PycharmProjects/pythonProject/acoWithTSP.py
Using 52 ants from Colony(alpha=1, beta=3)
Performing 100 iterations:
Iteration  Cost                 Solution
1          21559                 1 33 52 51 50 49 48 47 46 45 44 43 42 41 40 39 38 37 36 35 34 32 31 30 29 28 27 26 25 24 23 22 21 20 19 18 17 16 15 14 13 12 11 10  9  8  7  6  5  4  3  2
2          21453                 1 49 52 11 51 50 48 47 46 45 44 43 42 41 40 39 38 37 36 35 34 33 32 30 29 28 27 26 25 24 23 22 21 20 19 18 17 16 15 14 13 12 10  9  8  7  6  5  4  3  2 31
3          19927                 1 22 51 12 52 27  2 42 50 49 48 47 46 44 43 41 40 39 38 37 36 35 34 33 32 31 30 29 28 26 25 24 23 21 20 19 18 17 16 15 14 13 11 10  9  8  7  6  5  4  3 45
4          18540                 1 22 50 42  2 21  3 41 48 16 47 46 45 44 43 40 39 38 37 36 35 34 33 32 31 30 29 28 27 26 25 24 23 20 19 18 17 15 14 13 10  9  8  7  6  5  4 52 11 51 12 49
5          17594                 1 49 17  2 42 50 20 46 16 45 19  3 41 44 43 39 38 37 36 35 34 33 32  5 31 30 29 28 26 25 24 23 21 18 15 12 10  9  8  7  6 13 51 11 52 14 47 27 48 40  4 22
7          17571                 1 49 31  2 42 46 16 44  6 15  3 41 45 19 43  4  5 32 39  8 10 38  9 18 37 36 35 34 33 30 29 28 27 26 25 24 23 21 17  7 13 14 40 48 12 51 11 52 47 20 50 22
8          15739                 1 22 49 50 20  2 42  6 15 11 33 37 35 34 31  7 17 30 29 26 25 24 23 21 18 36 51 12 48 40 44 16 46 27 47 14 13 52 28 43 10  8  9  3 19 45 41 32  5  4 38 39
9          13248                 1 49 31 39 38  4  5 32 45 19  3 41 10  8  9 18 36 35 37  6 15 34 23 30 17  7 42  2 21 47 14 13 52 11 33 43 29 25 24 27 26 28 51 12 48 40 46 16 44 20 50 22
10         12112                 1 49 22 50 20 44 16 46 40 43 33 29 30 23 34 12 51 11 52 13 14 47 28 26 27 48 24 25  6 15 36 35 37 32  5  4 38 39 31 17  7 42  2 21  3 19 45 41 10  8  9 18
12         11759                 1 22 49 31 21  3 19 45 41 10 43  4  5 33  9  8 18  7 42  2 17 50 20 44 16 46 40 34 30 23 29 37 35 36 15  6 25 12 51 11 52 14 13 47 28 26 27 48 24 38 39 32
13         11327                 1 49 50 20 44 16 46 40 48 24 38 39 36 35 37  6 15 25 12 51 28 26 27 47 13 14 52 11 33 43  4  5 32 45 19  3 41 17  7 42  2 21 31 34 23 30 29 10  8  9 18 22
15         10772                 1 22 49 50 20 44 40 48 24 38 39 36 35 37  4  5 43 33 11 52 13 14 47 27 26 28 51 12 25 15  6 46 16 31 21  2 42  7 17 34 23 30 29 18  3 19 45 41 10  9  8 32
16         10657                 1 22 18 31 21 17  2 42  7 30 23 29 46 16 44 40 48 24 38 39 36 35 37  6 15 34 32 45 19  3 41 10  9  8 43  4  5 25 12 51 27 26 28 47 13 14 52 11 33 20 50 49
18         10126                 1 32 45 19  3 41 10  9  8 39 38 24 48 40  6 15 34 23 30 29 50 20 44 16 46 25 12 51 11 52 13 14 47 27 26 28 33 43  4  5 37 35 36 17  7 42  2 21 31 18 22 49
25         9923                  1 49 41  8  9 10 33 43  4  5 37 35 36 39 32 45 19  3 46 16 27 26 28 47 13 14 52 11 51 12 25  6 15 34 38 24 48 40 44 20 50 29 23 30  7  2 42 17 21 31 18 22
26         9896                  1 22 49 34 15  6 37 35 36 39 38 24 48 40 44 16 46 20 50 29 23 30  7  2 42 17 21 31 18  9 10 43  4  5 25 12 51 28 27 26 47 13 14 52 11 33  8 41  3 19 45 32
27         9745                  1 32 18 31 21 23 30 29 50 20 44 16 46 40 48 24 38 39 36 35 37  5  4 43 10  9  8 41 17 42  2  7  3 19 45 33 11 52 13 14 47 26 27 28 51 12 25  6 15 34 49 22
29         9709                  1 22 49 34 15  6 25 12 51 11 52 13 14 47 26 27 28 33 43  4  5 37 35 36 39 38 24 48 40 44 16 46 20 50 29 23 31 18 17  2  7 42 30 21  9 10  8 41  3 19 45 32
39         9177                  1 22 49 34 21 31 18 17  7  2 42 30 23 29 50 20 44 16 46 40 48 24 38 39 36 35 37  5  4 15  6 25 12 51 28 27 26 47 14 13 52 11 33 43 10  9  8 41  3 19 45 32
45         9129                  1 32 45 19  3 18 31 23 30 29 50 20 44 16 46 34 35 36 39 38 24 48 40  6 15  4  5 37 25 12 51 11 52 13 14 47 26 27 28 33 43 10  9  8 41 17  7  2 42 21 49 22
46         8945                  1 22 49 34 35 36 39 38 24 48 40 46 16 44 20 50 29 23 30  7  2 42 17 21 31 18  3 19 45 41  8  9 10 43 33 51 12 27 28 26 47 14 13 52 11 25  6 15  4  5 37 32
67         8825                  1 49 32  5 15  6 25  4 38 40 48 24 37 35 36 39 34 44 16 46 12 51 11 52 13 14 47 26 27 28 33 43  9 10  8 41 45 19  3 17 21 42  7  2 30 20 50 29 23 31 18 22
76         8811                  1 49 34 35 36 39 38 40 48 24 37  6 15  5  4 25 12 27 26 28 47 14 13 52 11 51 33 43 10  9  8 41 45 19 32 23 31 18  3 17  2  7 42 21 30 29 16 46 44 20 50 22
86         8315                  1 22 18 31 21  3 17  2 42  7 23 30 20 50 29 16 46 44 34 35 36 39 38 40 37 24 48  6 15  5  4 25 12 27 28 26 47 14 13 52 11 51 33 43 10  9  8 41 19 45 32 49
-------------------------------------------------------------------------------------------------------------------------------------------------------------------------------------------
Shortest tour:  8315
Best tour:  [23, 30, 20, 50, 29, 16, 46, 44, 34, 35, 36, 39, 38, 40, 37, 24, 48, 6, 15, 5, 4, 25, 12, 27, 28, 26, 47, 14, 13, 52, 11, 51, 33, 43, 10, 9, 8, 41, 19, 45, 32, 49, 1, 22, 18, 31, 21, 3, 17, 2, 42, 7]
Time to complete:  14.103989124298096

Process finished with exit code 0
