C:\Users\franc\PycharmProjects\pythonProject\venv\Scripts\python.exe C:/Users/franc/PycharmProjects/pythonProject/acoWithTSP.py
Using 105 ants from Colony(alpha=1, beta=3)
Performing 100 iterations:
Iteration  Cost                 Solution
1          35535                  1  15 105 104 103 102 101 100  99  98  97  96  95  94  93  92  91  90  89  88  87  86  85  84  83  82  81  80  79  78  77  76  75  74  73  72  71  70  69  68  67  66  65  64  63  62  61  60  59  58  57  56  55  54  53  52  51  50  49  48  47  46  45  44  43  42  41  40  39  38  37  36  35  34  33  32  31  30  29  28  27  26  25  24  23  22  21  20  19  18  17  16  14  13  12  11  10   9   8   7   6   5   4   3   2
3          35034                  1   2   7   3   6 104  45 105  56 103 102 101 100  99  98  97  96  95  94  93  92  91  90  89  88  87  86  85  84  83  82  81  80  79  78  77  76  75  74  73  72  71  70  69  68  67  66  65  64  63  62  61  60  59  58  57  55  54  53  52  51  50  49  48  47  46  44  43  42  41  40  39  38  37  36  35  34  33  32  31  30  29  28  27  26  25  24  23  22  21  20  19  18  17  16  14  13  12  11  10   9   8   5   4  15
15         33032                  1   2   7   3   9  17   4  26  16  25  24  33  37  19  27  23  18  14   5  13  34   8  28  31  12  32  30  40  49  54  51  46  53  43  39  38  35  41  52  42  63  61  60  66  65  87  88 100  94  95  99  90  75  81  80  82  72  77  67  73  64  79 101  92 102  97  84  93  86  96  89  98  58  76  70  36  69  74  85  91  83  68  78  71  62  55  50  57 105  59  56  48  44  47  45 104  20 103  15  21  29  22  11  10   6
16         31378                  1   2   7   3  12   8  20   4  34  13   5  14  35  38  39  43  94  95 100  88  87  65  66  60  61  63  78  71  91  83  68  96  64  73  67  77  72  79  90  99  89  98  84  97 102  92 101  86  93  85  82  80  81  75  76  62  70  69  74 105  56  48  44  47  45 104  55  50  59  54  51  46  53  42  41  52  58  57  25  16  26  24  23 103  15  21  29  22  19  27  17   9  18  36  31  28  32  30  40  49  37  33  10  11   6
18         30881                  1   2   7   3  12 103  22  29  21  15  25  16  27  19   8  28  20  23  18  14   5  13  34   4  17   9  26  24  33  40  49  57  58  52  42  41  51  54  53  46  45 104  55  50  59  56 105  64  73  67  77  72  79  90  99  95  94 100  88  87  65  66  60  61  63  62  70  69  74  85  82  80  81  75  76  78  71  91  83  68  96 102  97  86  93  84 101  92  98  89  37  35  38  39  43  48  44  47  32  30   6  10  11  36  31
19         28305                  1   2   7   3  12   8  19  27  23  20  21  15 103  22  29  30  32  28  31  41  42  52  58  57  49  40  45  47  44  48  56 105  59  50  69  74  71  78  68  83  91  85  82  72  79  64  73  67  77  90  86  93  92  96 102  97  80  81  75  76  62  70  63  61  60  66  65  87  88 100  94  95  98  89  99  84 101  55  54  51  46  53  43  39  38  35  14   5  13  34   4  17  25  16  26  24  33  37 104  36  18   9  11  10   6
23         24902                  1   2   7  15  21  12   4  34  13   5  14  35  38  39  43  51  54  55  50  57  58  52  41  42  53  46  63  62  70  69  74  67  77  79  72  78  71  96 102  97  92 101  91  85  82  64  73  80  81  75  76  68  83  86  93  84  98  89  90  99  95  94 100  88  87  65  66  61  60 105  59  56  47  44  40  49  48  45 104  36  26  16  25  17   8  19  27  33  24  23  20  29  22 103  28  31  30  32  37  18   9   3   6  10  11
28         23878                  1  24  33 104  60  61  66  65  87  88 100  94  95  97 102 101  96  92  93  86  83  68  67  71  78  84  98  99  90  89  91  85  82  72  77  79  64  73  80  76  75  81  74  69  70  63  62  55  50  59  56 105  57  58  52  42  41  47  44  43  51  54  53  46  45  48  40  49  28  20  23  27  19   8  12 103  15  21  29  22  11  10   6   3   9  18  36  37  35  38  39  34  13   5  14   4  26  16  25  17  30  32  31   7   2
29         23585                  1   2   7   3  12  21  15 103  22  29  30  31  32  28  20  23  27  19   4  17  25  16  26  24  33  43  44  47  61  60  66  65  87  88 100  94  95  99  98  89  90  74  69  70  63  62  68  67  71  78  77  79  72  76  80  73  64  82  85  84  83  91 101 102  97  96  92  93  86  75  81  13   5  14  34  39  38  35  37  36 104  45  48  56  59 105  57  58  52  41  42  53  46  51  54  55  50  40  49  18   9   8  11  10   6
30         22340                  1   2   7  28  11  10  15  21  29  22 103  20  23  24  26  16  25  17   4  14   5  13  34  39  38  35  37  36 104  55  50  59  56  48  45  47  44  43  53  46  51  54 105  64  73  80  76  75  81  74  69  70  63  62  77  79  72  82  71  78  68  67  83  86  93  84  85  91 101 102  97  96  92 100  94  95  99  98  89  90  88  87  65  66  61  60  42  41  52  58  57  49  40  33  27  19   8   9  18  31  32  30  12   3   6
31         22012                  1   6  10  11   3  12   8   9  17  25  16  26  24  33  40  35  38  39  34  13   5  14   4  18  19  27  36  37  42  41  47  44  43  57  49  48  45 104  56 105  50  55  54  51  46  53  63  62  70  69  74  81  75  76  80  73  64  79  77  72  82  85  84  83  68  67  71  78  91  97  96 102 101  92  93  86  90  89  98  99  95  94 100  88  87  65  66  60  61  52  58  59  30  31  32  28  20  23 103  22  29  21  15   7   2
32         21781                  1   2   7   3   4  13   5  14  35  38  39  43  44  47  33  34  56  59 105  62  63  70  69  74  81  75  76  80  73  67  68  78  71  82  85  84  83  91 101 102  97  96  92  93  86  79  77  72  64  90  89  98  99  95  94 100  88  87  65  66  61  60  42  41  52  58  57  46  53  51  54  55  50  40  49  48  45 104  32  31  30  29  22 103  28  20  23  24  26  16  27  19  37  36  18  25  17   9   8  12  21  15  10  11   6
33         21421                  1   2   7  15  21  10  11  40  49  48  45  47  44  43  39  38  35  34  13   5  14   4  26  16  24 104  50  55  62  63  70  69  74  81  75  76  80  73  64  82  71  78  68  67  83  84  85  91  96  97 102 101  92  93  86  79  72  77  90  89  99  98 100  95  94  88  87  65  66  61  60  59  56 105  51  54  53  46  57  58  52  41  42  37  36  33  27  19   8   9  17  25  18  23  20  28  31  32  30  29  22 103  12   3   6
34         21297                  1   2   7  31  30  32  28 104  16  26  17  13   5  14   4  34  35  38  39  43  51  54  53  46  57  58  52  42  41  47  44  48  45  40  49 105  56  59  50  55  62  63  70  69  74  81  75  76  80  73  64  79  77  72  82  85  84  83  68  67  71  78  91 101 102  97  96  92  93  86  90  89  98  99  95  94 100  88  87  65  66  60  61  36  37  33  27  19  22  29  21  15 103  20  23  24  25  18   9   8  12   3  11  10   6
35         20759                  1   2   7   3  12   8   9  17   4  13   5  14  34  35  38  39  43  44  47  26  16  61  60  66  65  87  88 100  94  95  98  99  89  90  86  93  92  96  97 102 101  91  85  82  72  77  79  64  84  83  68  67  71  78  76  80  73  75  81  74  69  70  63  62 105  57  58  52  41  42  53  46  51  54  55  50  59  56  48  45  40  49 104  36  37  33  24  25  18  19  27  23  20  28  31  32  30  29  22 103  15  21  10  11   6
36         20230                  1   6  10  11   3  12   8   9  17  25  18  19  27  16  26   4  14   5  13  34  35  38  39  42  52  58  57 105  59  56  68  67  77  79  72  78  71  82  85  84  83  91 101 102  97  96  92  93  86  76  80  73  64  81  75  90  89  98  99  95  94 100  87  88  66  65  60  61  63  62  70  69  74  44  47  41  43  53  46  51  54  55  50  40  49  48  45 104  36  37  33  24  23  20  28  31  30  32  21  29  22 103  15   7   2
41         19831                  1   6  10  11   3  12  30  32  31  36  37  42  41  43  44  47  46  53  52  58  57 105  55  50  59  56  48  45  40  49 104  51  54  61  60  66  65  87  88 100  95  94  99  98  89  90  74  81  75  76  80  73  64  79  77  72  82  85  84  83  86  93  92 101 102  97  96  91  71  78  68  67  70  69  62  63  38  39  34  35  14  13   4   5   8   9  17  25  18  19  27  33  24  26  16  28  20  23 103  22  29  21  15   7   2
46         19466                  1   2   7  31  32  30 104  47  44  43  41  42  52  53  46  51  54  55  50  40  49  48  45 105  56  59  58  57  63  62  70  69  74  81  75  76  80  73  64  79  77  72  78  71  82  85  84  83  68  67  91  96  97 102 101  92  93  86  90  89  98  99  95  94 100  88  87  65  66  60  61  39  38  35  34  13  14   5   4  17  25  18  24  16  26  36  37  33  27  19   8   9   3  12 103  15  21  29  22  28  20  23  11  10   6
47         19031                  1   2   7   3  12  30  31  32   5   4  13  14  35  34  39  38  61  60  65  66  88  87 100  94  95  99  98  89  90  84  83  68  67  71  78  64  82  85  91  96  97 102 101  92  93  86  77  79  72  76  80  73  75  81  74  69  70  63  62 105  56  59  50  55  51  54  53  46  47  44  43  41  42  52  58  57  49  40  45  48 104  36  37  33  27  19  18  25  17   9   8  16  26  24  23  20  28 103  22  29  21  15  11  10   6
55         18526                  1   6   3  12  30  32  31  36  37  42  41  43  44  47  46  53  52  58  57  51  54  55  50 104  45  48  49  40  56  59 105  62  63  70  69  74  81  75  76  80  73  64  79  77  72  82  71  78  68  67  83  84  85  91  96  97 102 101  92  93  86  90  89  98  99  95  94 100  88  87  65  66  60  61  38  39  34  35  14  13   5   4  33  27  19   8   9  18  25  17  26  16  24  23  20  28 103  22  29  21  15  11  10   7   2
56         18324                  1   2   7   3  12   8   9  19  27  16  25  18  24  26  17   4   5  13  14  35  34  39  38  61  60  66  65  87  88 100  94  95  99  98  89  90  86  79  77  72  82  71  78  68  67  83  84  85  91  92  96  97 102 101  93  62  63  70  69  74  81  75  76  80  73  64 105  55  50  40  45  48  49  59  56  57  58  52  53  46  51  54 104  47  44  43  41  42  37  36  33  30  31  32  28  20  23 103  22  29  21  15  11  10   6
70         18196                  1   6   3  12   8   9  18  25  19  27 104  36  37  42  46  53  52  58  40  49  48  45  41  43  44  47  51  54  55  50  59  56  57 105  62  63  70  69  74  81  75  76  80  73  64  67  68  78  71  82  85  83  84  91  92  96  97 102 101  93  86  79  77  72  89  90  99  98 100  94  95  87  88  66  65  60  61  38  39  34  35  14  13   5   4  17  16  26  24  33  30  31  32  28  20  23 103  15  21  29  22  11  10   7   2
80         17872                  1  10  11  15  21  29  22 103  23  20  28  31  32  30  33  27  19  18  25  16  26  24  37  36 104  47  44  43  41  42  46  53  58  52  54  51  55  50  40  45  48  49  59  56 105  57  63  62  70  74  69  81  75  76  80  73  64  72  77  79  86  93  84  78  71  67  68  83  82  85  91  92  96  97 102 101  89  90  99  98 100  94  95  87  88  66  65  60  61  38  39  34  35  14  13   5   4  17   9   8  12   3   6   7   2
85         17864                  1  10  11  15  21  29  22  32  31  30  55  50  59  56 105  57  58  52  53  46  43  41  42  37  36 104  45  48  49  40  44  47  51  54  62  63  70  69  74  81  75  76  80  73  64  67  68  78  71  82  83  84  85  91  92  96  97 102 101  99  98  93  86  79  77  72  89  90  95  94 100  87  88  66  65  60  61  38  39  34  35  14  13   5   4   9   8  19  27  16  18  25  17  26  24  33  28  20  23 103  12   3   6   7   2
86         17735                  1   2   3   8   9   4   5  14  13  34  35  38  39  46  63  62  69  74  70  81  75  76  80  73  64  67  68  78  71  82  83  84  85  91  92  96  97 102 101  93  86  79  72  77  90  89  98  99  95  94 100  88  87  65  66  61  60  56  59 105  57  58  53  52  42  41  43  44  47  51  54  55  50  40  49  48  45 104  36  37  17  26  16  25  18  19  27  23  20  28  31  32  30  33  24  12 103  22  29  21  15  11  10   7   6
88         17495                  1   2   3  12  30  31  32  33  44  47  51  54  55  50  40  45  48  49 104  36  37  42  46  43  41  52  58  53  59  56 105  57  63  62  70  74  69  81  75  76  80  73  64  67  68  78  71  82  83  84  85  91  92  96  97 102 101  93  86  79  77  72  89  90  99  98 100  94  95  87  88  66  65  60  61  38  39  34  35  14  13   5   4   9   8  17  25  18  16  26  24  27  19  28  20  23 103  22  29  21  15  10  11   7   6
-------------------------------------------------------------------------------------------------------------------------------------------------------------------------------------------------------------------------------------------------------------------------------------------------------------------------------------------------------------------------------------------------------------------------------------------------------------------
Shortest tour:  17495
Best tour:  [44, 47, 51, 54, 55, 50, 40, 45, 48, 49, 104, 36, 37, 42, 46, 43, 41, 52, 58, 53, 59, 56, 105, 57, 63, 62, 70, 74, 69, 81, 75, 76, 80, 73, 64, 67, 68, 78, 71, 82, 83, 84, 85, 91, 92, 96, 97, 102, 101, 93, 86, 79, 77, 72, 89, 90, 99, 98, 100, 94, 95, 87, 88, 66, 65, 60, 61, 38, 39, 34, 35, 14, 13, 5, 4, 9, 8, 17, 25, 18, 16, 26, 24, 27, 19, 28, 20, 23, 103, 22, 29, 21, 15, 10, 11, 7, 6, 1, 2, 3, 12, 30, 31, 32, 33]
Time to complete:  161.9491605758667

Process finished with exit code 0
