C:\Users\franc\PycharmProjects\pythonProject\venv\Scripts\python.exe C:/Users/franc/PycharmProjects/pythonProject/acoWithTSP.py
Using 124 ants from Colony(alpha=1, beta=3)
Performing 100 iterations:
Iteration  Cost                 Solution
1          97845                  1  59 124 123 122 121 120 119 118 117 116 115 114 113 112 111 110 109 108 107 106 105 104 103 102 101 100  99  98  97  96  95  94  93  92  91  90  89  88  87  86  85  84  83  82  81  80  79  78  77  76  75  74  73  72  71  70  69  68  67  66  65  64  63  62  61  60  58  57  56  55  54  53  52  51  50  49  48  47  46  45  44  43  42  41  40  39  38  37  36  35  34  33  32  31  30  29  28  27  26  25  24  23  22  21  20  19  18  17  16  15  14  13  12  11  10   9   8   7   6   5   4   3   2
38         97194                  1  27  24  37  26  38  40  39  22  23  25  41  42  21  43  44  53  46  17  47  16  10  14  11  12  15  48  49  50  51  13   9  19  18  20  45  54  52  66  82  83  84  81  67  65  64  69  72  74  71  70  63  68  75  73  76  77  78  79  80  92  99  98  97  95  94  93 100  96 118 119 122 123 124 120 121 117 116 115 113 114 112 111 110 109 108 107 106 105 104 103 102 101  91  90  86  87  88  89  85  57  56  55  58  59  60  61  62  34  33  36  35  28   7   4  31  32   5  30  29   6   3   2   8
43         95549                  1   8   2   3   6   4  31  32   5  30  29  59  60  61  62  66  64  69  68  63  70  71  74  72  94  93  92  80  79  78  77  76  73  75  83  82  81  67  84  95  97  98  99  96 100 123 124 122 119 118 117 116 115 121 120  91 101 102 103 112 114 113 111 110 109 108 107 106 105 104  88  89  90  85  86  87  57  56  55  58  65  33  34  27  24   9  16  13  10  12  11  14  15  48  49  50  51  45  54  42  41  20  18  19  43  44  53  47  17  46  52  21  40  39  22  23  25  37  26  38  36  35  28   7
44         91878                  1   8  38  26  37  24  40  39  22  23  25  29  30   5  32  31  34  33  66  64  69  68  63  70  71  74  72  65  67  82  81  84  83  75  73  76  77  78  79  80  92  93  95  94 100  97  98  99  96 123 124 122 119 118 117 116 115 121 120 101  91 102 103 112 111 110 109 107 106 105 108 104 114 113  88  89  87  86  85  90  53  44  43  19  18  20  41  42  21   9  16  10  14  11  13  12  15  48  49  50  51  52  46  17  47  45  54  57  56  55  58  59  60  62  61  36  35  28   7   4   2   3   6  27
50         91422                  1   8   2   3   6   4  27  24  37  26  38  40  39  22  23  25  55  56  57  58  21  41  42  54  45  43  44  53  47  49  48  17  46  52  18  19  20  15  14  10  16   9  11  12  13  51  50 104 105 106 107 108 109 110 111 112 114 113 103 102  91 101  85  90  86  87  88  89  82  83  84  81  72  74  96 100 118 119 117 116 115 121 120 122 123 124  99  98  97  95  94  93  92  80  79  78  77  76  73  75  71  70  63  68  69  64  66  67  65  62  60  61  59  29  30   5  32  31  34  33  36  35  28   7
53         89599                  1   8  27  40  39  25  24  37  26  38  22  23  21  42  41  20  19  18  45  43  44  46  17  47  16  10   9  14  15  48  49  50  51  13  12  11  52  54  53  88  89 104 105 106 107 108 109 110 111 112 114 113 103 102  85  86  87  90  91 101  83  84  81  82  67  66  63  68  69  72  74  71  70  92  80  79  78  77  76  73  75  94  95  97  96 100 123 124 122 120 121 117 116 115 118 119  98  99  93  64  65  62  60  61  59  33  34  31  32   6   4   2   3  29  30   5  35  36  57  56  55  58  28   7
55         89593                  1   7  28  35  36  27   4   5  30  29  45  20  25  24  37  26  38  40  39  22  23  21  41  42  54  52  46  17  47  49  50  51  48  15  14  11  12  13   9  16  10  18  19  43  44  53  57  56  55  58  59  61  60  62  65  64  69  68  63  70  71  74  72  75  73  76  77  78  79  80  92  93  94  95  97  98  99  96 100 124 123 122 119 118 117 116 115 121 120 101  91  90  85  86  87  88  89 104 109 106 105 108 107 111 110 112 114 113 103 102  84  81  82  83  66  67  33  34  31  32   6   3   2   8
56         88265                  1   7  28  27   4   5  30  29  36  35  59  94  95  97  98  99  96 100 121 120 123 124 122 119 118 117 116 115 113 114 112 111 110 109 108 107 106 105 104  89  88  87  86  85  90  91 101 102 103  52  53  16  10  14  13  12  11   9  15  48  49  50  51  46  17  47  45  54  44  43  19  18  20  41  42  21  38  26  37  24  25  23  22  39  40  55  56  57  58  61  60  62  66  64  69  68  63  70  71  74  72  75  73  76  77  78  79  80  92  93  83  84  81  82  67  65  33  34  31  32   6   3   2   8
58         87250                  1   7  28  27   4   5  30  29  59  61  60  62  66  63  70  71  74  72  68  69  64  65  67  82  81  84  83  75  73  76  77  78  79  80  92  93  94  95  97  98  99  96 100 121 120 123 124 122 119 118 117 116 115 113 114 112 111 110 109 108 107 106 105 104  89  88  87  86  90  85 101  91 102 103  57  56  55  58  18  19  20  41  42  54  45  43  44  53  52  46  17  47  49  50  51  13  12  11  14  15  48  16   9  10  21  39  40  24  37  26  38  22  23  25  35  36  33  34  31  32   6   3   2   8
61         83075                  1   8   2   3   6   4  27  31  32   5  30  29  25  24  37  26  38  40  39  22  23  41  42  21  43  44  54  45  20  19  18  10  16   9  14  11  12  13  51  50  49  48  15  47  17  46  52  53  88  89 104 105 106 107 108 109 110 111 112 114 113 103 102  85  90  86  87 101  91  57  56  55  59  58  61  60  62  66  67  81  82  83  84  96  97  98  99 100 124 123 122 119 118 117 116 115 121 120  95  94  93  92  80  79  78  77  76  73  75  72  74  71  70  63  68  69  64  65  33  34  36  35  28   7
69         83016                  1   8   5  30  34  33  59  61  60  62  66  64  69  68  63  70  71  74  72  75  73  76  77  78  79  80  92  93  94  95  97  98  99 100 119 118 117 116 115 121 120 122 123 124  96  81  82  83  84  67  65  58  55  56  57  85  86  87  88  89 104 105 106 107 108 109 110 111 112 114 113 103 102 101  91  90  39  22  23  15  14   9  10  16  17  46  47  49  50  51  13  12  11  48  53  52  54  44  43  45  20  19  18  21  42  41  40  38  26  37  24  25  29  36  35  28  27  31  32   6   3   2   4   7
73         79029                  1   7  38  26  37  24  25  23  22  39  40  21  42  41  20  45  54  44  43  19  18  53  52  46  47  48  49  50  51  13  12  11  14  15   9  10  17  16  87  86  85  90  91 101 102 103 113 114 112 111 110 109 108 107 106 105 104  89  88  56  57  55  58  65  64  69  68  63  70  71  75  72  74  73  76  77  78  79  80  92  93  94  95  97  98  99 100  96 124 123 122 120 121 117 116 115 118 119  83  82  81  84  67  66  62  60  61  59  33  34  30  29  36  35  28  27   6  32   5  31   4   3   2   8
92         78714                  1   7  28  27  36  35  37  38  26  40  39  22  23  25  24  55  56  57  58  65  72  73  74  76  77  78  79  80  92  93  94  95  97  98  99 100 124 123 122 121 120 119 118 117 116 115  91 101 102 103 113 114 112 111 110 109 108 107 106 105 104  89  88  87  86  85  90  53  52  46  47  17  16  10   9  11  12  13  14  15  48  49  50  51  54  44  43  45  18  19  20  21  41  42  29   5  63  68  69  64  70  71  75  96  81  82  83  84  67  66  62  60  61  59  33  34  30  31  32   6   4   3   2   8
93         78136                  1   8   3   4   5  32   6   7  30  34  33  61  59  60  62  58  57  55  56  31  72  74  73  75  71  70  64  69  68  63  66  65  67  81  82  83  84  95  94  93  92  80  79  78  77  76  96  97  98  99 100 124 123 122 121 120 119 118 117 116 115  91 101 102 103 113 114 112 111 110 109 108 107 106 105 104  89  88  87  86  85  90  53  52  46  47  48  49  50  51  13  12  11  14  15  10   9  16  17  19  18  20  21  41  42  54  45  43  44  40  39  22  23  25  24  37  38  26  29  36  35  28  27   2
94         77601                  1   8   2   3   4   6  32  31   5  30  34  33  59  61  60  62  66  65  64  69  68  63  70  71  74  72  75  73  76  77  78  79  80  92  93  94  95  97  98  99 100 124 123 122 121 120 119 118 117 116 115  96  84  83  82  81  67  58  55  56  57  38  37  26  36  29  25  24  40  39  22  23  21  20  41  42  54  45  44  43  19  18  52  53  46  47  17  16   9  10  14  15  48  49  50  51  13  12  11  88  89 104 105 106 107 108 109 110 111 112 114 113 103 102 101  91  90  85  86  87  35  27  28   7
97         77453                  1   8   2   3   4   5  30  34  33   6  32  31  27  28  26  38  37  24  25  23  22  39  40  41  42  21  20  19  18  45  43  44  54  53  52  46  47  48  49  50  51  13  12  11  14  15  10   9  16  17 113 114 112 111 110 109 108 107 106 105 104  89  88  87  86  85  90 103 102  91 101  84  83  82  81  67  66  65  63  68  69  64  70  71  74  72  73  75  77  76  78  79  80  92  93  94  95  97  98  99 100 124 123 122 121 120 119 118 117 116 115  96  57  56  55  58  59  61  60  62  35  36  29   7
-----------------------------------------------------------------------------------------------------------------------------------------------------------------------------------------------------------------------------------------------------------------------------------------------------------------------------------------------------------------------------------------------------------------------------------------------------------------------------------------------------------------------------------------------
Shortest tour:  77453
Best tour:  [113, 114, 112, 111, 110, 109, 108, 107, 106, 105, 104, 89, 88, 87, 86, 85, 90, 103, 102, 91, 101, 84, 83, 82, 81, 67, 66, 65, 63, 68, 69, 64, 70, 71, 74, 72, 73, 75, 77, 76, 78, 79, 80, 92, 93, 94, 95, 97, 98, 99, 100, 124, 123, 122, 121, 120, 119, 118, 117, 116, 115, 96, 57, 56, 55, 58, 59, 61, 60, 62, 35, 36, 29, 7, 1, 8, 2, 3, 4, 5, 30, 34, 33, 6, 32, 31, 27, 28, 26, 38, 37, 24, 25, 23, 22, 39, 40, 41, 42, 21, 20, 19, 18, 45, 43, 44, 54, 53, 52, 46, 47, 48, 49, 50, 51, 13, 12, 11, 14, 15, 10, 9, 16, 17]
Time to complete:  285.87916326522827

Process finished with exit code 0
